article_1.pdf:in

references = [113, 115, 116, 117, 118, 119, 121, 122, 123, 124, 127, 132, 133, 134, 135, 136, 137, 141, 142, 143, 144, 145, 146, 147, 148, 149, 150, 151, 152, 154, 155, 156, 157, 158, 159, 160, 162, 163, 166, 167, 168]
texts = [12, 14, 16, 21, 22, 23, 26, 29, 32, 34, 36, 38, 40, 41, 42, 43, 47, 48, 49, 51, 94, 95, 96, 97, 98, 99, 102, 104]

article_2.pdf:

references = [17, 19, 28, 60, 64, 65, 66, 68]

texts = [7, 9, 11, 12, 14, 15, 16, 37, 38, 40, 41, 42, 43, 44, 47, 48, 51, 52, 53]

article_3.pdf:

references = [9, 10, 17, 29, 42, 473, 485, 497, 499, 500, 501, 510, 511, 512, 513, 515, 516, 517, 518, 519, 520, 521, 522, 524, 525, 526, 527, 528, 529, 532, 533, 534, 535, 536, 537, 538, 539, 541, 542, 543, 544, 545, 546, 549, 550, 551, 552, 553, 554, 555, 557, 559, 560, 561, 569] 

texts = [5, 6, 11, 12, 13, 15, 16, 18, 19, 20, 24, 25, 26, 27, 28, 30, 31, 33, 34, 36, 37, 38, 39, 40, 45, 46, 48, 49, 50, 51, 166, 180, 181, 182, 228, 474, 475, 476, 477, 478, 481, 482, 483, 484, 486, 488, 493, 496] 

article_4.pdf: 

references = [1, 8, 11, 12, 61, 74, 79, 82, 90, 91, 92, 94, 95, 96, 97, 98, 99, 107]


texts = [5, 7, 9, 14, 16, 17, 20, 21, 22, 62, 63, 64, 68, 70, 71, 72, 73, 75, 77]

article_5.pdf:

references = [18, 67, 69, 71, 73, 75, 76, 77, 78, 80, 88]

texts = [1, 2, 3, 7, 8, 15, 17, 31, 32, 36, 37, 38, 40, 41, 45, 46, 47, 49, 50, 54, 55, 56, 59, 61, 64, 65, 83, 85, 86]

article_6.pdf: 

references = [12, 234, 242, 260, 261, 262, 263, 264, 265, 266, 267, 268, 269, 270, 271, 272, 273, 274, 275, 276, 277, 278, 279, 280, 281, 282, 283, 287, 289, 293]

texts = [11, 13, 16, 19, 20, 21, 26, 27, 29, 30, 31, 32, 33, 34, 35, 36, 37, 40, 41, 45, 46, 48, 53, 111, 204, 205, 206, 246, 247, 248, 249, 250, 251, 256, 258, 285, 290, 291]

article_7.pdf:

references = [500, 503, 505, 506, 508, 509, 510, 511, 512, 513, 514, 515, 516, 517, 519, 523, 524, 526, 531, 532, 534, 535, 536, 537, 538, 539, 540, 541, 542, 543] 

texts = [8, 9, 10, 11, 12, 13, 14, 44, 45, 46, 47, 48, 49, 50, 52, 53, 54, 55, 56, 57, 84, 85, 86, 151, 153, 154, 155, 156, 256, 307, 308, 309, 310, 311, 312, 388, 389, 390, 391, 394, 395, 398, 399, 448, 449, 451, 452, 453, 454, 457, 459, 460, 461, 462, 463, 465, 493, 494]

article_8.pdf:

references = [4, 5, 6, 12, 21, 23, 24, 25, 39, 55, 80, 92, 124, 149, 172, 187, 204, 221, 243, 258, 259, 261, 263, 264, 265, 266, 267, 268, 269, 261, 272, 273, 274, 275, 276, 277, 278, 279, 280, 281, 282, 283, 284, 285, 286, 287, 289, 290, 291, 292, 293, 295, 297, 298, 299, 300, 301, 302, 303, 304, 305, 306, 307, 308, 309, 310, 311, 312, 313, 314, 315, 316, 317, 318, 319, 321, 322, 323, 324, 325, 326, 327, 328, 329, 330, 331, 332, 333, 334, 335, 336, 337, 338, 339, 340, 343, 344, 345, 356, 347, 348, 349, 350, 351, 352, 353, 354, 355, 356, 357, 358, 359, 360, 361, 362, 363, 364, 365, 366, 368, 369, 370, 371, 372, 373, 374, 375, 376, 377, 378, 379, 380, 381, 382, 383, 384, 385, 386, 387, 388, 389, 390, 395, 397, 399, 401, 403, 405, 407, 409, 411, 413, 415, 416, 420, 422, 424, 426, 430, 432, 434, 436, 438, 440, 447, 451, 452, 454, 458, 459, 478, 534, 597, 651, 730, 771, 802, 874, 936, 1012, 1014, 1015, 1016, 1017, 1018, 1081, 1145, 1195, 1228, 1229, 1232, 1242]

texts = [28, 30, 32, 34, 36, 38, 44, 46, 49, 50, 51, 52, 53, 54, 77, 78, 79,  86, 87, 88, 89, 91, 96, 97, 99, 105, 115, 119, 120, 123, 127, 131, 134, 138, 140, 141, 142, 144, 146, 148, 153, 155, 158, 160, 162, 166, 180, 184, 185, 193, 196, 200, 201, 202, 203, 206, 207, 208, 209, 210, 213, 217, 219, 220,  224, 227, 229, 230, 231, 233, 238, 239, 245, 248, 466, 469, 649, 650, 654, 660, 672, 676, 681, 686, 689, 693, 703, 707, 713, 723, 733, 734, 735, 749, 763, 773, 774, 775, 776, 787, 792, 797, 804, 805, 806, 814, 820, 830, 835, 836, 838, 389, 841, 847, 852, 853, 857, 858, 863, 864, 865, 948, 1091, 1209] 

article_9.pdf:

references = [469, 483, 484, 485, 486, 487, 488, 490, 491, 492, 493, 493, 495, 498, 501, 502, 503, 504, 505, 506, 507, 508, 509, 510, 511, 512, 515, 516, 522]

texts = [7, 8, 9, 15, 20, 21, 22, 23, 24, 25, 32, 36, 38, 39, 40, 45, 47, 55, 56, 57, 60, 61, 63, 68. 69, 70, 71, 72, 76, 77, 78, 79, 81, 84, 85, 86, 87, 88, 89, 93, 94, 95, 96, 97, 98, 105, 107, 108, 134, 135, 136, 137, 138, 180, 202, 230, 264, 269, 271, 272, 273, 275, 276, 282, 370, 371, 372, 435, 437, 438, 440, 446, 447, 448, 449, 450, 454, 456, 457, 458, 459, 460, 461] 








